-41.1427 -38.1892 -34.8114 -32.7103 -32.6512 -33.1823 -38.1574
-35.4029 -36.2161 -36.8308 -34.6502 -32.9963 -34.9836 -36.4611
-30.4447 -36.2548 -27.6884 -28.3224 -30.8029 -29.7995 -35.4354
-36.4315 -28.5770 -38.7418 -29.4326 -47.2090 -41.5883 -33.9795
-29.9591 -31.8507 -37.8887 -34.0596 -34.5334 -32.6523 -32.1968
-33.1368 -31.2376 -35.1436 -32.5805 -29.9725 -34.2391 -35.1991
-32.7749 -30.2848 -31.2399 -34.9662 -30.9204 -33.3910 -35.8638
-39.5962 -30.2932 -32.8964 -40.9285 -31.3018 -32.1955 -37.4277
-39.1701 -31.0425 -35.8928 -32.7875 -29.6994 -39.5371 -37.1519
-31.3914 -36.4251 -32.9984 -36.3429 -36.0012 -36.3392 -38.4799
-32.8478 -34.9915 -30.9868 -35.5599 -32.9519 -34.7518 -42.6178
-36.4018 -33.0127 -36.7416 -34.1622 -33.4456 -32.0716 -39.1928
-39.4520 -30.2066 -34.1395 -35.2059 -37.5510 -34.4941 -42.0956
-33.3004 -37.1180 -32.2583 -35.7723 -34.6652 -29.2479 -37.2551
-33.1547 -37.5823 -38.0642 -35.7113 -33.9134 -33.9849 -38.6074
-34.0208 -29.8373 -35.9960 -30.8025 -35.9312 -33.6277 -45.3150
-41.3689 -34.0792 -29.1818 -34.5902 -37.6049 -31.9986 -43.2603
-29.7643 -35.4110 -33.3406 -40.5916 -30.0043 -33.2227 -33.6062
-39.7467 -31.3940 -37.6364 -32.0679 -33.4152 -28.4285 -39.1727
-34.1793 -34.7607 -32.3580 -37.0492 -34.0301 -37.1600 -35.7346
-34.1211 -38.0583 -28.0586 -35.6227 -27.8098 -33.8824 -36.0320
-37.5230 -34.6337 -34.2888 -36.9947 -33.3807 -31.6410 -41.4554
-33.2633 -35.0531 -32.1326 -30.5607 -34.0614 -36.3533 -33.5580
-33.3112 -29.7948 -46.1037 -45.0242 -46.7044 -34.2850 -38.5478
-41.7399 -44.6506 -44.3190 -45.0687 -39.3262 -42.9337 -33.8220
-41.2466 -37.8943 -42.6429 -43.1874 -43.6883 -41.2657 -41.9457
-40.6217 -40.2173 -43.0945 -43.1735 -43.1952 -42.0015 -42.8188