    -0.12917339  0 0 0 0 0
     0.44138404  1 0 0 0 0
     0.22076896  2 0 0 0 0
      4.4977984  0 1 0 0 0
     -3.8729667  1 1 0 0 0
      1.7567255  0 2 0 0 0
    -0.32540697  0 0 1 0 0
     0.96225073  1 0 1 0 0
      8.7063294  0 1 1 0 0
      1.3574499  0 0 2 0 0
     -9.9007385  0 0 0 1 0
      7.0665187  1 0 0 1 0
     -13.795856  0 1 0 1 0
     -20.925686  0 0 1 1 0
      31.595268  0 0 0 2 0
    4.55828e-12  0 0 0 0 1
  6.0299855e-14  1 0 0 0 1
 -3.3674691e-13  0 1 0 0 1
 -6.5361865e-13  0 0 1 0 1
 -2.6586589e-13  0 0 0 1 1
   1.708707e-13  0 0 0 0 2