42.4634 42.3069 41.6255 41.2100 56.8359 54.3336 53.5434 56.3831 43.7998 42.1776 37.8436 42.5179
41.4759 41.0869 61.2580 59.6682 55.4672 53.9933 55.0342 55.5153 59.6773 60.9212 46.2472 42.7307
34.4272 61.9952 60.5171 56.7503 75.6413 72.7649 75.7191 75.4449 60.1935 61.1594 61.6664 61.1510
59.1601 60.5182 59.0140 60.3434 73.1637 72.1358 73.1580 73.3570 61.0549 60.1677 61.3911 61.4040
60.4811 59.9931 62.2860 60.5677 52.2960 52.8620 73.9854 75.0517 61.8770 61.2663 42.3567 42.2788
59.8026 59.4555 59.8085 60.4372 55.0769 51.7510 71.3156 74.1831 59.7496 61.2678 40.9847 40.4008
63.0325 61.7670 62.0947 63.7372 73.4833 76.0181 73.0242 75.2464 59.5977 61.6077 59.8237 58.5401
40.0106 40.4789 40.6280 40.7636 53.6105 52.4435 53.2984 54.5904 43.9084 42.5227 43.4588 40.9408
60.9107 59.5251 60.8936 59.9868 54.6972 52.3977 74.0288 75.1099 61.0336 61.3341 42.3126 40.9363
61.7317 60.6275 41.1806 41.8258 52.4428 53.5903 72.5063 73.0493 41.7143 43.3280 40.8599 41.2627
58.1760 59.7379 60.4485 60.2325 51.4805 53.0680 71.5254 71.5301 59.6731 59.8994 42.1437 41.2514
40.7484 39.0423 41.5284 42.5328 71.8331 72.1065 54.1662 54.6507 41.5002 42.0849 59.1951 59.0306
62.0906 61.7254 62.7493 63.2255 76.2655 71.7379 76.8357 77.1857 61.8975 62.9043 58.8987 58.1018
57.7837 60.1536 59.0576 60.8232 69.9457 72.5306 69.8742 72.4939 59.2864 61.5837 57.9169 58.9967
41.6159 40.4031 40.9418 42.4731 71.4191 69.5043 53.7885 54.4151 41.3144 44.2624 58.3263 57.8511
56.7874 58.9570 58.6346 59.0458 71.4295 71.5319 69.9838 72.0490 60.5329 59.5639 59.1793 57.3926
59.3233 58.8304 60.9081 60.4936 75.2092 68.9353 74.8249 76.1936 60.0404 62.6296 59.3561 59.5660
58.1240 60.4023 53.6325 60.0474 70.1252 68.9646 70.3097 73.0953 58.5492 59.5051 56.9656 59.1799
60.2165 62.3575 58.4254 61.4918 71.3589 72.3555 72.4372 71.4923 59.7796 60.7981 57.8511 60.2812
58.5138 57.6253 58.5425 58.5179 72.9791 71.9617 70.7027 74.2057 59.0106 57.6269 60.3277 59.9394
60.7636 61.2037 58.6239 60.6336 54.5422 51.8368 73.1857 74.4811 60.6707 62.1946 42.2791 42.7647
60.4601 59.7290 57.1581 58.2531 51.6656 49.2662 69.2522 71.1520 59.2614 58.6611 40.1874 38.5284
-17.6430 57.5108 58.0559 58.1655 52.5205 49.6995 73.2262 71.7348 57.8892 58.9131 40.7438 38.1103
41.9799 42.8458 40.5031 39.8939 51.6879 50.9323 54.1526 56.9743 39.4388 39.9543 41.1702 40.5933