              0               0               0               0               0               0               0               0               0 
              0               0               0               0               0               0               0               0               0 
       0.518598        -1.26263        -1.32107        -1.17752        0.318716        0.408633        0.511305         0.53415        0.532287 
       0.777496        0.777911        0.914852               0          1.0816         1.17106         1.02711        0.837928        0.817008 
       0.855291        0.840083        0.977306        0.991352          0.8072        0.961907        0.978493         1.00567        0.847067 
        1.16308         1.05527         1.11089         1.17041         1.01251         1.05191         1.04718        0.955461         1.02666 
        0.87206         1.14397               0               0               0               0       -0.218107         1.24647       -0.122559 
              0      0.00844261               0               0               0               0               0               0               0 
              0               0         1.24001               0               0               0               0               0               0 
              0               0               0               0               0               0               0               0               0
