        2.13704         2.13704         2.13704         2.13704         2.13704         2.13704         2.13704         2.13704         2.13704 
        2.13704         2.43072        0.186962        0.840681       0.0321934       -0.616159       -0.684688        -2.76401         2.64159 
         1.6265        0.431507        0.273874        0.403387         1.19453         1.61609         1.12076         1.36642         2.35771 
        1.93576         2.02615         1.56447        0.453899            2.57        0.644405       -0.506403      -0.0535197       -0.637419 
       -1.00819        -1.14519        0.242544       0.0631646      -0.0203452       -0.165522       -0.730792        0.382599        0.420452 
       0.152898        0.011169        0.858814        0.612383       0.0342967       -0.721044       -0.661816        -1.46568       -0.591654 
        0.76998       -0.803027          -1.738        -1.82462         -1.7304        -1.73967       -0.681375        0.143765       -0.539793 
       0.685396       -0.354682        -0.57906       -0.369231       -0.130906       -0.185281          0.2719       -0.272454         3.28112 
        1.64542         3.01752         2.68979          2.0396          1.6232         2.13704         2.13704         2.13704         2.13704 
        2.13704         2.13704         2.13704         2.13704         2.13704         2.13704         2.13704         2.13704         2.13704
