       0.124081        0.124081        0.124081        0.124081        0.124081        0.124081        0.124081        0.124081        0.124081 
       0.124081        0.124081        0.150272        0.141091         0.13683        0.131724        0.136831        0.100734        0.137945 
       0.132516         0.12127        0.131798        0.119733        0.122461        0.128115        0.118256         0.12517        0.132574 
       0.117435          0.1234        0.126416        0.124081        0.138279        0.130801        0.136359         0.13155        0.125654 
        0.11069        0.112264        0.123212        0.113847        0.126937        0.131628        0.129906        0.134251        0.128394 
       0.123784        0.119721        0.126259        0.125588        0.122025        0.107561        0.125849        0.113019         0.11959 
       0.128471        0.129924        0.109607        0.112336        0.128926        0.119989         0.12197        0.128486        0.117992 
       0.119247        0.127062        0.123123          0.1182        0.125385        0.125888        0.124007       0.0991304        0.127199 
       0.115733        0.128789        0.123672        0.126491        0.120556        0.124081        0.124081        0.124081        0.124081 
       0.124081        0.124081        0.124081        0.124081        0.124081        0.124081        0.124081        0.124081        0.124081 
