      -0.306903       -0.306903       -0.306903       -0.306903       -0.306903       -0.306903       -0.306903       -0.306903       -0.306903 
      -0.306903       -0.306903       -0.256354       -0.275876       -0.282544       -0.247385       -0.241472       -0.165123       -0.370732 
      -0.300538       -0.299947       -0.276494       -0.302652       -0.318829       -0.292185       -0.282359       -0.268979       -0.304089 
      -0.323762       -0.321044       -0.284312       -0.306903       -0.363324        -0.33152       -0.305403       -0.308787       -0.323114 
      -0.280526       -0.317901       -0.328167       -0.345908       -0.292896        -0.29562       -0.321953       -0.321196       -0.307595 
      -0.326054       -0.335666       -0.341199       -0.320887       -0.339851       -0.333131       -0.319876       -0.311768       -0.325868 
       -0.34641       -0.287187        -0.26385       -0.302513        -0.29456       -0.305565       -0.331839       -0.303198       -0.281352 
      -0.299245       -0.256196       -0.238045       -0.246857       -0.279564       -0.272492       -0.256518       -0.237898       -0.365012 
      -0.259318       -0.269059       -0.277958       -0.259986       -0.276911       -0.306903       -0.306903       -0.306903       -0.306903 
      -0.306903       -0.306903       -0.306903       -0.306903       -0.306903       -0.306903       -0.306903       -0.306903       -0.306903 
      -0.230365       -0.230365       -0.230365       -0.230365       -0.230365       -0.230365       -0.230365       -0.230365       -0.230365 
      -0.230365       -0.230365       -0.193105       -0.222167       -0.220108       -0.202258       -0.186475       -0.110716       -0.300187 
      -0.278632       -0.245548       -0.213309        -0.23398       -0.254351        -0.26126       -0.216261       -0.244138        -0.24505 
      -0.234025       -0.257655       -0.209406       -0.230365       -0.261199       -0.268286       -0.246144       -0.250538        -0.25901 
      -0.209309       -0.230471       -0.248952       -0.219315       -0.238697       -0.226806       -0.221499       -0.229494       -0.243187 
      -0.252791       -0.238378       -0.239521        -0.24674       -0.248642       -0.217574       -0.243212       -0.206199       -0.224973 
      -0.271514        -0.21095       -0.186142       -0.213731       -0.220572        -0.20877        -0.22461       -0.227075        -0.21199 
      -0.193675       -0.170566       -0.160589       -0.168653       -0.189873       -0.175213       -0.167289       -0.160855       -0.270145 
      -0.194326       -0.200567       -0.238874       -0.189983       -0.218419       -0.230365       -0.230365       -0.230365       -0.230365 
      -0.230365       -0.230365       -0.230365       -0.230365       -0.230365       -0.230365       -0.230365       -0.230365       -0.230365