              0               0               0               0       -0.673079       -0.494991       -0.544645       -0.696867       -0.542024
      -0.396147        -0.41848       -0.363628       -0.259567      -0.0541577       0.0318535        0.147102       0.0706126      -0.0125242
     -0.0555243        -0.10391       -0.206646       -0.180896       -0.239892       -0.212652       -0.221853        -0.16389       -0.179566
      -0.161275       -0.264362      -0.0322986     -0.00571159      -0.0112362       -0.142153       -0.161106       -0.300965       -0.335646
      -0.304957       -0.327888       -0.285957        -0.31073       -0.384034       -0.405682       -0.421685       -0.397082       -0.372984
       -0.32928       -0.353261       -0.310731       -0.339421       -0.434331       -0.432194       -0.464369       -0.417443       -0.346382
      -0.376095       -0.323359       -0.396372       -0.364288       -0.326134       -0.408631       -0.306475       -0.250657       -0.204813
      -0.147936      -0.0924793       -0.162566       -0.212328       -0.244631       -0.193136       -0.215653       -0.167732      -0.0990025
     -0.0727994      -0.0949693       -0.143896       -0.124424       -0.147125      -0.0983872         1.01157               0               0
              0               0               0               0               0               0               0               0               0
