        2.39239          2.0977         1.81239         1.79096        0.896731        0.272616        0.656926       0.0327953       -0.580267
        1.08894       -0.736192       -0.532128        0.186948        -1.13805       -0.724194         -1.0541       -0.876274       -0.477348
      -0.834057       -0.989906       -0.999983        -1.23523       -0.572292      -0.0582575        0.305581        0.251525         0.70659
       0.428195        -0.27329        0.635333      -0.0473624         -0.2337        -1.20626         -2.0898        -1.35189        -1.69429
       -1.01714        -1.64134        -1.11358       -0.707099       -0.771143       -0.613332       -0.919977        -0.30425       -0.357818
      -0.593649        -0.79742        -0.45463       -0.820396        -1.73054        -1.24863        -1.52526        -2.23103        -1.67907
       -1.03164        -1.62118       -0.986137        -1.99036        -2.23458        -1.61632        -1.07351       -0.748015       -0.791102
     -0.0177504       -0.168321       -0.711057        0.150573       0.0069289        -0.11821        0.650186        0.931407         1.22726
        1.62573         2.82246         1.99085         2.04771         1.65361         1.88577        0.914462         2.41345         2.02695
        2.39239         2.39239         2.39239         2.39239         2.39239         2.39239         2.39239         2.39239         2.39239
